000001|0000|00000000|BANCO DO BRASIL SA|L|2103307|201105|201105|2|1||3||2.3|1
000002|0400|1101060038|1|024880|2|PCA.FERREIRA BAYMA,100  - CENTRO|024880|2103307|1||
000003|0430|1101060038|5010101145|151000006|0,00|0,00|0,00|0,00||0,00|5,00|0,00|||
000004|0430|1101060038|5010101161|151000006|0,00|0,00|0,00|0,00||0,00|5,00|0,00|||
000005|0430|1101060038|5010101188|151000006|0,00|0,00|0,00|0,00||0,00|5,00|0,00|||
000006|0430|1101060038|501010120X|151000006|0,00|0,00|0,00|0,00||0,00|5,00|0,00|||
000007|0430|1101060038|5010101226|151000006|0,00|0,00|0,00|0,00||0,00|5,00|0,00|||
000008|0430|1101060038|5010101242|151000006|0,00|0,00|0,00|0,00||0,00|5,00|0,00|||
000009|0430|1101060038|5010101269|151000006|0,00|0,00|0,00|0,00||0,00|5,00|0,00|||
000010|0430|1101060038|5010101404|151000018|0,00|0,00|0,00|0,00||0,00|5,00|0,00|||
000011|0430|1101060038|5010101501|151000009|0,00|0,00|0,00|0,00||0,00|5,00|0,00|||
000012|0430|1101060038|501010165X|151000005|0,00|0,00|0,00|0,00||0,00|5,00|0,00|||
000013|0430|1101060038|501010201X|150800001|0,00|0,00|0,00|0,00||0,00|5,00|0,00|||
000014|0430|1101060038|5010102028|150800012|0,00|0,00|0,00|0,00||0,00|5,00|0,00|||
000015|0430|1101060038|5010102036|151000009|0,00|0,00|0,00|0,00||0,00|5,00|0,00|||
000016|0430|1101060038|5010102044|280100001|0,00|0,00|0,00|0,00||0,00|5,00|0,00|||
000017|0430|1101060038|5010103016|150800001|95,00|0,00|95,00|0,00||95,00|5,00|0,00|||
000018|0430|1101060038|5010103024|150800001|0,00|0,00|0,00|0,00||0,00|5,00|0,00|||
000019|0430|1101060038|5010103032|150800012|0,00|0,00|0,00|0,00||0,00|5,00|0,00|||
000020|0430|1101060038|5010103040|150800012|0,00|0,00|0,00|0,00||0,00|5,00|0,00|||
000021|0430|1101060038|5010103059|150800001|0,00|0,00|0,00|0,00||0,00|5,00|0,00|||
000022|0430|1101060038|5010103067|150800001|0,00|0,00|0,00|0,00||0,00|5,00|0,00|||
000023|0430|1101060038|5010103083|150800001|0,00|0,00|0,00|0,00||0,00|5,00|0,00|||
000024|0430|1101060038|5010103091|150800001|0,00|0,00|0,00|0,00||0,00|5,00|0,00|||
000025|0430|1101060038|5010103105|150800001|0,00|0,00|0,00|0,00||0,00|5,00|0,00|||
000026|0430|1101060038|5010103113|150800001|0,00|0,00|0,00|0,00||0,00|5,00|0,00|||
000027|0430|1101060038|5010103121|150800001|0,00|0,00|0,00|0,00||0,00|5,00|0,00|||
000028|0430|1101060038|501010313X|150800001|0,00|0,00|0,00|0,00||0,00|5,00|0,00|||
000029|0430|1101060038|5010103148|150800001|0,00|0,00|0,00|0,00||0,00|5,00|0,00|||
000030|0430|1101060038|5010103156|150800001|0,00|0,00|0,00|0,00||0,00|5,00|0,00|||
000031|0430|1101060038|5010103164|150800001|791,49|0,00|791,49|0,00||791,49|5,00|0,00|||
000032|0430|1101060038|5010103172|150800012|0,00|0,00|0,00|0,00||0,00|5,00|0,00|||
000033|0430|1101060038|5010103180|150800001|0,00|0,00|0,00|0,00||0,00|5,00|0,00|||
000034|0430|1101060038|5010103202|150700009|0,00|0,00|0,00|0,00||0,00|5,00|0,00|||
000035|0430|1101060038|5010103210|150800001|0,00|0,00|0,00|0,00||0,00|5,00|0,00|||
000036|0430|1101060038|5010103229|150800003|0,00|0,00|0,00|0,00||0,00|5,00|0,00|||
000037|0430|1101060038|5010105019|151600006|1098,00|0,00|1098,00|0,00||1098,00|5,00|0,00|||
000038|0430|1101060038|5010105507|151600001|0,00|0,00|0,00|0,00||0,00|5,00|0,00|||
000039|0430|1101060038|5010105981|151600006|0,00|0,00|0,00|0,00||0,00|5,00|0,00|||
000040|0430|1101060038|5010106015|151800001|0,00|0,00|0,00|0,00||0,00|5,00|0,00|||
000041|0430|1101060038|5010113011|150700009|500,24|0,00|500,24|0,00||500,24|5,00|0,00|||
000042|0430|1101060038|501011302X|151700002|65,00|0,00|65,00|0,00||65,00|5,00|0,00|||
000043|0430|1101060038|5010113038|150200012|264,60|0,00|264,60|0,00||264,60|5,00|0,00|||
000044|0430|1101060038|5010113054|150700005|994,54|0,00|994,54|0,00||994,54|5,00|0,00|||
000045|0430|1101060038|5010113062|151400001|0,00|0,00|0,00|0,00||0,00|5,00|0,00|||
000046|0430|1101060038|5010113070|151700001|0,00|0,00|0,00|0,00||0,00|5,00|0,00|||
000047|0430|1101060038|5010113089|150700006|277,84|0,00|277,84|0,00||277,84|5,00|0,00|||
000048|0430|1101060038|5010113097|151000006|0,00|0,00|0,00|0,00||0,00|5,00|0,00|||
000049|0430|1101060038|5010113100|151400001|0,00|0,00|0,00|0,00||0,00|5,00|0,00|||
000050|0430|1101060038|5010113119|150700005|0,00|0,00|0,00|0,00||0,00|5,00|0,00|||
000051|0430|1101060038|5010113127|150700009|0,00|0,00|0,00|0,00||0,00|5,00|0,00|||
000052|0430|1101060038|5010113143|150200012|0,00|0,00|0,00|0,00||0,00|5,00|0,00|||
000053|0430|1101060038|5010113151|150200009|5,07|0,00|5,07|0,00||5,07|5,00|0,00|||
000054|0430|1101060038|501011316X|150200009|1565,68|0,00|1565,68|0,00||1565,68|5,00|0,00|||
000055|0430|1101060038|5010113178|151500003|0,00|0,00|0,00|0,00||0,00|5,00|0,00|||
000056|0430|1101060038|5010113186|150700005|0,00|0,00|0,00|0,00||0,00|5,00|0,00|||
000057|0430|1101060038|5010113194|150700005|0,00|0,00|0,00|0,00||0,00|5,00|0,00|||
000058|0430|1101060038|5010113208|150700010|0,00|0,00|0,00|0,00||0,00|5,00|0,00|||
000059|0430|1101060038|5010113216|150200012|0,00|0,00|0,00|0,00||0,00|5,00|0,00|||
000060|0430|1101060038|5010113224|150700005|0,00|0,00|0,00|0,00||0,00|5,00|0,00|||
000061|0430|1101060038|5010113232|150700005|0,00|0,00|0,00|0,00||0,00|5,00|0,00|||
000062|0430|1101060038|5010113240|150700005|0,00|0,00|0,00|0,00||0,00|5,00|0,00|||
000063|0430|1101060038|5010113259|150200011|0,00|0,00|0,00|0,00||0,00|5,00|0,00|||
000064|0430|1101060038|5010113267|150200011|0,00|0,00|0,00|0,00||0,00|5,00|0,00|||
000065|0430|1101060038|5010113984|151500003|0,00|0,00|0,00|0,00||0,00|5,00|0,00|||
000066|0430|1101060038|5010114018|151000005|373,63|0,00|373,63|0,00||373,63|5,00|0,00|||
000067|0430|1101060038|5010114026|150600006|0,00|0,00|0,00|0,00||0,00|5,00|0,00|||
000068|0430|1101060038|5010114034|151000006|0,00|0,00|0,00|0,00||0,00|5,00|0,00|||
000069|0430|1101060038|5010114042|151000006|0,00|0,00|0,00|0,00||0,00|5,00|0,00|||
000070|0430|1101060038|5010114050|151000006|0,00|0,00|0,00|0,00||0,00|5,00|0,00|||
000071|0430|1101060038|5010114069|151000006|0,00|0,00|0,00|0,00||0,00|5,00|0,00|||
000072|0430|1101060038|5010114077|151000008|0,00|0,00|0,00|0,00||0,00|5,00|0,00|||
000073|0430|1101060038|5010114301|151000006|0,00|0,00|0,00|0,00||0,00|5,00|0,00|||
000074|0430|1101060038|5010114344|170100003|0,00|0,00|0,00|0,00||0,00|5,00|0,00|||
000075|0430|1101060038|5010114425|151000010|0,00|0,00|0,00|0,00||0,00|5,00|0,00|||
000076|0430|1101060038|5010114719|151500003|0,00|0,00|0,00|0,00||0,00|5,00|0,00|||
000077|0430|1101060038|5010114808|150100001|0,00|0,00|0,00|0,00||0,00|5,00|0,00|||
000078|0430|1101060038|5010114964|151000001|0,00|0,00|0,00|0,00||0,00|5,00|0,00|||
000079|0430|1101060038|5010114980|151000006|0,00|0,00|0,00|0,00||0,00|5,00|0,00|||
000080|0430|1101060038|5010115014|151000008|0,00|0,00|0,00|0,00||0,00|5,00|0,00|||
000081|0430|1101060038|5010115022|151000005|119,76|0,00|119,76|0,00||119,76|5,00|0,00|||
000082|0430|1101060038|5010115030|151000008|0,00|0,00|0,00|0,00||0,00|5,00|0,00|||
000083|0430|1101060038|5010115057|151000006|0,00|0,00|0,00|0,00||0,00|5,00|0,00|||
000084|0430|1101060038|5010115065|170100003|0,00|0,00|0,00|0,00||0,00|5,00|0,00|||
000085|0430|1101060038|5010117009|100200009|0,00|0,00|0,00|0,00||0,00|2,50|0,00|||
000086|0430|1101060038|5010119036|150400001|0,00|0,00|0,00|0,00||0,00|5,00|0,00|||
000087|0430|1101060038|5010119044|150500001|0,00|0,00|0,00|0,00||0,00|5,00|0,00|||
000088|0430|1101060038|5010119052|150500001|0,00|0,00|0,00|0,00||0,00|5,00|0,00|||
000089|0430|1101060038|5010119060|150500001|0,00|0,00|0,00|0,00||0,00|5,00|0,00|||
000090|0430|1101060038|5010119079|150500001|99,00|0,00|99,00|0,00||99,00|5,00|0,00|||
000091|0430|1101060038|5010119087|170100003|0,00|0,00|0,00|0,00||0,00|5,00|0,00|||
000092|0430|1101060038|5010119125|150200009|0,00|0,00|0,00|0,00||0,00|5,00|0,00|||
000093|0430|1101060038|5010119168|151200001|0,00|0,00|0,00|0,00||0,00|5,00|0,00|||
000094|0430|1101060038|5010119184|150300001|0,00|0,00|0,00|0,00||0,00|5,00|0,00|||
000095|0430|1101060038|5010119206|151000008|0,00|0,00|0,00|0,00||0,00|5,00|0,00|||
000096|0430|1101060038|5010119214|150600005|0,00|0,00|0,00|0,00||0,00|5,00|0,00|||
000097|0430|1101060038|5010119222|150700010|0,00|0,00|0,00|0,00||0,00|5,00|0,00|||
000098|0430|1101060038|5010119230|151600006|355,00|0,00|355,00|0,00||355,00|5,00|0,00|||
000099|0430|1101060038|5010119303|150600003|0,00|0,00|0,00|0,00||0,00|5,00|0,00|||
000100|0430|1101060038|5010119311|260100004|0,00|0,00|0,00|0,00||0,00|5,00|0,00|||
000101|0430|1101060038|5010119400|151500001|0,00|0,00|0,00|0,00||0,00|5,00|0,00|||
000102|0430|1101060038|5010119508|150500001|0,00|0,00|0,00|0,00||0,00|5,00|0,00|||
000103|0430|1101060038|5010119605|151000006|0,00|0,00|0,00|0,00||0,00|5,00|0,00|||
000104|0430|1101060038|5010119761|151000006|602,60|0,00|602,60|0,00||602,60|5,00|0,00|||
000105|0430|1101060038|5010119788|150500001|0,00|0,00|0,00|0,00||0,00|5,00|0,00|||
000106|0430|1101060038|501011980X|150900001|0,00|0,00|0,00|0,00||0,00|5,00|0,00|||
000107|0430|1101060038|5010119818|150900006|0,00|0,00|0,00|0,00||0,00|5,00|0,00|||
000108|0430|1101060038|5010119826|150900006|0,00|0,00|0,00|0,00||0,00|5,00|0,00|||
000109|0430|1101060038|5010119982|151000001|0,00|0,00|0,00|0,00||0,00|5,00|0,00|||
000110|0430|1101060038|5010121030|170100003|0,00|0,00|0,00|0,00||0,00|5,00|0,00|||
000111|0430|1101060038|5010121057|151700003|4859,26|0,00|4859,26|0,00||4859,26|5,00|0,00|||
000112|0430|1101060038|5010121154|151500001|0,00|0,00|0,00|0,00||0,00|5,00|0,00|||
000113|0430|1101060038|5010123009|170100003|0,00|0,00|0,00|0,00||0,00|5,00|0,00|||
000114|0430|1101060038|5010127012|180100002|0,00|0,00|0,00|0,00||0,00|5,00|0,00|||
000115|0430|1101060038|5010127039|170900001|0,00|0,00|0,00|0,00||0,00|5,00|0,00|||
000116|0430|1101060038|5010127195|180100002|0,00|0,00|0,00|0,00||0,00|5,00|0,00|||
000117|0430|1101060038|5010196006|150800012|0,00|0,00|0,00|0,00||0,00|5,00|0,00|||
000118|0430|1101060038|5040110002|150900001|0,00|0,00|0,00|0,00||0,00|5,00|0,00|||
000119|0430|1101060038|5040199003|151000006|0,00|0,00|0,00|0,00||0,00|5,00|0,00|||
000120|0430|1101060038|5121010008|150900006|0,00|0,00|0,00|0,00||0,00|5,00|0,00|||
000121|0430|1101060038|5121025005|100400001|0,00|0,00|0,00|0,00||0,00|2,50|0,00|||
000122|0430|1101060038|5121510108|150900006|0,00|0,00|0,00|0,00||0,00|5,00|0,00|||
000123|0430|1101060038|5122010001|150900006|0,00|0,00|0,00|0,00||0,00|5,00|0,00|||
000124|0430|1101060038|5122025009|100400001|0,00|0,00|0,00|0,00||0,00|2,50|0,00|||
000125|0430|1101060038|5122510101|150900006|0,00|0,00|0,00|0,00||0,00|5,00|0,00|||
000126|0430|1101060038|5131010043|151300018|0,00|0,00|0,00|0,00||0,00|5,00|0,00|||
000127|0430|1101060038|513101006X|151300008|0,00|0,00|0,00|0,00||0,00|5,00|0,00|||
000128|0430|1101060038|5131010086|151300016|0,00|0,00|0,00|0,00||0,00|5,00|0,00|||
000129|0430|1101060038|5131010140|151300006|0,00|0,00|0,00|0,00||0,00|5,00|0,00|||
000130|0430|1101060038|5131010167|151300016|0,00|0,00|0,00|0,00||0,00|5,00|0,00|||
000131|0430|1101060038|5131010183|151300006|0,00|0,00|0,00|0,00||0,00|5,00|0,00|||
000132|0430|1101060038|5131010205|151300019|0,00|0,00|0,00|0,00||0,00|5,00|0,00|||
000133|0430|1101060038|5131010221|151300019|0,00|0,00|0,00|0,00||0,00|5,00|0,00|||
000134|0430|1101060038|5131010248|151300019|0,00|0,00|0,00|0,00||0,00|5,00|0,00|||
000135|0430|1101060038|5131010264|151300019|0,00|0,00|0,00|0,00||0,00|5,00|0,00|||
000136|0430|1101060038|5131010280|151300019|0,00|0,00|0,00|0,00||0,00|5,00|0,00|||
000137|0430|1101060038|5131010302|151300019|0,00|0,00|0,00|0,00||0,00|5,00|0,00|||
000138|0430|1101060038|5131010507|151300019|0,00|0,00|0,00|0,00||0,00|5,00|0,00|||
000139|0430|1101060038|5131010515|151300019|0,00|0,00|0,00|0,00||0,00|5,00|0,00|||
000140|0430|1101060038|5131010523|151300001|0,00|0,00|0,00|0,00||0,00|5,00|0,00|||
000141|0430|1101060038|5131010531|151300019|0,00|0,00|0,00|0,00||0,00|5,00|0,00|||
000142|0430|1101060038|513101054X|151300023|0,00|0,00|0,00|0,00||0,00|5,00|0,00|||
000143|0430|1101060038|5131010558|151300023|0,00|0,00|0,00|0,00||0,00|5,00|0,00|||
000144|0430|1101060038|5131010574|151300019|0,00|0,00|0,00|0,00||0,00|5,00|0,00|||
000145|0430|1101060038|5131020049|151300008|0,00|0,00|0,00|0,00||0,00|5,00|0,00|||
000146|0430|1101060038|5131020065|151300008|0,00|0,00|0,00|0,00||0,00|5,00|0,00|||
000147|0430|1101060038|5131020081|151300008|0,00|0,00|0,00|0,00||0,00|5,00|0,00|||
000148|0430|1101060038|5131020103|151300008|0,00|0,00|0,00|0,00||0,00|5,00|0,00|||
000149|0430|1101060038|513102012X|151300008|0,00|0,00|0,00|0,00||0,00|5,00|0,00|||
000150|0430|1101060038|5131020146|151300008|0,00|0,00|0,00|0,00||0,00|5,00|0,00|||
000151|0430|1101060038|5131020154|151300008|0,00|0,00|0,00|0,00||0,00|5,00|0,00|||
000152|0430|1101060038|5131020162|151300008|0,00|0,00|0,00|0,00||0,00|5,00|0,00|||
000153|0430|1101060038|5131020189|151300008|0,00|0,00|0,00|0,00||0,00|5,00|0,00|||
000154|0430|1101060038|5131020200|151300012|0,00|0,00|0,00|0,00||0,00|5,00|0,00|||
000155|0430|1101060038|5131020227|151300014|0,00|0,00|0,00|0,00||0,00|5,00|0,00|||
000156|0430|1101060038|5131020243|151300012|0,00|0,00|0,00|0,00||0,00|5,00|0,00|||
000157|0430|1101060038|513102026X|151300019|0,00|0,00|0,00|0,00||0,00|5,00|0,00|||
000158|0430|1101060038|5131020286|151300022|0,00|0,00|0,00|0,00||0,00|5,00|0,00|||
000159|0430|1101060038|5131020308|151300019|0,00|0,00|0,00|0,00||0,00|5,00|0,00|||
000160|0430|1101060038|5131020324|151300015|0,00|0,00|0,00|0,00||0,00|5,00|0,00|||
000161|0430|1101060038|5131020332|151300015|0,00|0,00|0,00|0,00||0,00|5,00|0,00|||
000162|0430|1101060038|5131020340|151300001|0,00|0,00|0,00|0,00||0,00|5,00|0,00|||
000163|0430|1101060038|5131020367|151300015|0,00|0,00|0,00|0,00||0,00|5,00|0,00|||
000164|0430|1101060038|5131020383|151300015|0,00|0,00|0,00|0,00||0,00|5,00|0,00|||
000165|0430|1101060038|5131020421|151300015|0,00|0,00|0,00|0,00||0,00|5,00|0,00|||
000166|0430|1101060038|5131020502|151300015|0,00|0,00|0,00|0,00||0,00|5,00|0,00|||
000167|0430|1101060038|5131020510|151300015|0,00|0,00|0,00|0,00||0,00|5,00|0,00|||
000168|0430|1101060038|5131020529|151300001|0,00|0,00|0,00|0,00||0,00|5,00|0,00|||
000169|0430|1101060038|5131020537|151300015|0,00|0,00|0,00|0,00||0,00|5,00|0,00|||
000170|0430|1101060038|5131020545|151300015|0,00|0,00|0,00|0,00||0,00|5,00|0,00|||
000171|0430|1101060038|5131020553|151300008|0,00|0,00|0,00|0,00||0,00|5,00|0,00|||
000172|0430|1101060038|5131020561|151300014|0,00|0,00|0,00|0,00||0,00|5,00|0,00|||
000173|0430|1101060038|513102057X|151300023|0,00|0,00|0,00|0,00||0,00|5,00|0,00|||
000174|0430|1101060038|5131020588|151300023|0,00|0,00|0,00|0,00||0,00|5,00|0,00|||
000175|0430|1101060038|5131030036|151300023|0,00|0,00|0,00|0,00||0,00|5,00|0,00|||
000176|0430|1101060038|5131030052|151300009|0,00|0,00|0,00|0,00||0,00|5,00|0,00|||
000177|0430|1101060038|5131030060|151300019|0,00|0,00|0,00|0,00||0,00|5,00|0,00|||
000178|0430|1101060038|5131030087|151300019|0,00|0,00|0,00|0,00||0,00|5,00|0,00|||
000179|0430|1101060038|5131030109|151300008|0,00|0,00|0,00|0,00||0,00|5,00|0,00|||
000180|0430|1101060038|5131030125|151300008|0,00|0,00|0,00|0,00||0,00|5,00|0,00|||
000181|0430|1101060038|5131030141|151600004|0,00|0,00|0,00|0,00||0,00|5,00|0,00|||
000182|0430|1101060038|5131030168|151600002|0,00|0,00|0,00|0,00||0,00|5,00|0,00|||
000183|0430|1101060038|5131030184|151700001|0,00|0,00|0,00|0,00||0,00|5,00|0,00|||
000184|0430|1101060038|5131030206|151600001|0,00|0,00|0,00|0,00||0,00|5,00|0,00|||
000185|0430|1101060038|5131030257|151300002|0,00|0,00|0,00|0,00||0,00|5,00|0,00|||
000186|0430|1101060038|5131090993|151600006|0,00|0,00|0,00|0,00||0,00|5,00|0,00|||
000187|0430|1101060038|5132030048|151300009|0,00|0,00|0,00|0,00||0,00|5,00|0,00|||
000188|0430|1101060038|5132030064|151300009|0,00|0,00|0,00|0,00||0,00|5,00|0,00|||
000189|0430|1101060038|5132030129|151600004|0,00|0,00|0,00|0,00||0,00|5,00|0,00|||
000190|0430|1101060038|5132030145|151600002|0,00|0,00|0,00|0,00||0,00|5,00|0,00|||
000191|0430|1101060038|5132030161|151600001|0,00|0,00|0,00|0,00||0,00|5,00|0,00|||
000192|0430|1101060038|5132090997|151600006|0,00|0,00|0,00|0,00||0,00|5,00|0,00|||
000193|0430|1101060038|5171001002|150100001|0,00|0,00|0,00|0,00||0,00|5,00|0,00|||
000194|0430|1101060038|5171002009|150100001|0,00|0,00|0,00|0,00||0,00|5,00|0,00|||
000195|0430|1101060038|5171003005|150100001|0,00|0,00|0,00|0,00||0,00|5,00|0,00|||
000196|0430|1101060038|5171004001|150100001|0,00|0,00|0,00|0,00||0,00|5,00|0,00|||
000197|0430|1101060038|5171005008|150100001|0,00|0,00|0,00|0,00||0,00|5,00|0,00|||
000198|0430|1101060038|5171096011|150100001|0,00|0,00|0,00|0,00||0,00|5,00|0,00|||
000199|0430|1101060038|517109602X|150100001|0,00|0,00|0,00|0,00||0,00|5,00|0,00|||
000200|0430|1101060038|5171096038|150800008|0,00|0,00|0,00|0,00||0,00|5,00|0,00|||
000201|0430|1101060038|5171096046|150800008|0,00|0,00|0,00|0,00||0,00|5,00|0,00|||
000202|0430|1101060038|5171096054|170100003|0,00|0,00|0,00|0,00||0,00|5,00|0,00|||
000203|0430|1101060038|5171096062|150100001|0,00|0,00|0,00|0,00||0,00|5,00|0,00|||
000204|0430|1101060038|5171096070|150100001|0,00|0,00|0,00|0,00||0,00|5,00|0,00|||
000205|0430|1101060038|5171098006|150100001|0,00|0,00|0,00|0,00||0,00|5,00|0,00|||
000206|0430|1101060038|5171505019|150100001|0,00|0,00|0,00|0,00||0,00|5,00|0,00|||
000207|0430|1101060038|5171505027|150100001|0,00|0,00|0,00|0,00||0,00|5,00|0,00|||
000208|0430|1101060038|5171505035|150100001|0,00|0,00|0,00|0,00||0,00|5,00|0,00|||
000209|0430|1101060038|5171505043|150100001|0,00|0,00|0,00|0,00||0,00|5,00|0,00|||
000210|0430|1101060038|5171505051|150100001|0,00|0,00|0,00|0,00||0,00|5,00|0,00|||
000211|0430|1101060038|517150506X|150100001|0,00|0,00|0,00|0,00||0,00|5,00|0,00|||
000212|0430|1101060038|5171505078|150100001|0,00|0,00|0,00|0,00||0,00|5,00|0,00|||
000213|0430|1101060038|5171505086|150100001|0,00|0,00|0,00|0,00||0,00|5,00|0,00|||
000214|0430|1101060038|5171505094|150100001|0,00|0,00|0,00|0,00||0,00|5,00|0,00|||
000215|0430|1101060038|5171505108|150100001|0,00|0,00|0,00|0,00||0,00|5,00|0,00|||
000216|0430|1101060038|5171505116|150100001|0,00|0,00|0,00|0,00||0,00|5,00|0,00|||
000217|0430|1101060038|5171505140|150100001|0,00|0,00|0,00|0,00||0,00|5,00|0,00|||
000218|0430|1101060038|5171505159|150100001|0,00|0,00|0,00|0,00||0,00|5,00|0,00|||
000219|0430|1101060038|5171505167|150100001|0,00|0,00|0,00|0,00||0,00|5,00|0,00|||
000220|0430|1101060038|5171505175|150100001|0,00|0,00|0,00|0,00||0,00|5,00|0,00|||
000221|0430|1101060038|5171505205|150100001|0,00|0,00|0,00|0,00||0,00|5,00|0,00|||
000222|0430|1101060038|517150523X|150100001|0,00|0,00|0,00|0,00||0,00|5,00|0,00|||
000223|0430|1101060038|5171505248|150100001|0,00|0,00|0,00|0,00||0,00|5,00|0,00|||
000224|0430|1101060038|5171510012|150100001|0,00|0,00|0,00|0,00||0,00|5,00|0,00|||
000225|0430|1101060038|5171510020|150100001|0,00|0,00|0,00|0,00||0,00|5,00|0,00|||
000226|0430|1101060038|5171510055|150100001|0,00|0,00|0,00|0,00||0,00|5,00|0,00|||
000227|0430|1101060038|5171510098|150100001|0,00|0,00|0,00|0,00||0,00|5,00|0,00|||
000228|0430|1101060038|5171510101|150100001|0,00|0,00|0,00|0,00||0,00|5,00|0,00|||
000229|0430|1101060038|517151011X|150100001|0,00|0,00|0,00|0,00||0,00|5,00|0,00|||
000230|0430|1101060038|5171510144|150100001|0,00|0,00|0,00|0,00||0,00|5,00|0,00|||
000231|0430|1101060038|5171510217|150100001|0,00|0,00|0,00|0,00||0,00|5,00|0,00|||
000232|0430|1101060038|5171599005|150100001|0,00|0,00|0,00|0,00||0,00|5,00|0,00|||
000233|0430|1101060038|5174009160|151000006|0,00|0,00|0,00|0,00||0,00|5,00|0,00|||
000234|0430|1101060038|5174014008|151000006|100,00|0,00|100,00|0,00||100,00|5,00|0,00|||
000235|0430|1101060038|5174016000|151000006|0,00|0,00|0,00|0,00||0,00|5,00|0,00|||
000236|0430|1101060038|5174018003|151000006|384,80|0,00|384,80|0,00||384,80|5,00|0,00|||
000237|0430|1101060038|5174022000|151000006|0,00|0,00|0,00|0,00||0,00|5,00|0,00|||
000238|0430|1101060038|5174026006|151000006|0,00|0,00|0,00|0,00||0,00|5,00|0,00|||
000239|0430|1101060038|5174098007|151000002|0,00|0,00|0,00|0,00||0,00|5,00|0,00|||
000240|0430|1101060038|5177002000|151200001|0,00|0,00|0,00|0,00||0,00|5,00|0,00|||
000241|0430|1101060038|5177010011|151200001|0,00|0,00|0,00|0,00||0,00|5,00|0,00|||
000242|0430|1101060038|517701002X|151200001|0,00|0,00|0,00|0,00||0,00|5,00|0,00|||
000243|0430|1101060038|5177010046|151200001|0,00|0,00|0,00|0,00||0,00|5,00|0,00|||
000244|0430|1101060038|5177010070|150100001|0,00|0,00|0,00|0,00||0,00|5,00|0,00|||
000245|0430|1101060038|5177010968|151200001|0,00|0,00|0,00|0,00||0,00|5,00|0,00|||
000246|0430|1101060038|5177015005|151200001|49,98|0,00|49,98|0,00||49,98|5,00|0,00|||
000247|0430|1101060038|5177030012|151200001|0,00|0,00|0,00|0,00||0,00|5,00|0,00|||
000248|0430|1101060038|5177030020|151200001|0,00|0,00|0,00|0,00||0,00|5,00|0,00|||
000249|0430|1101060038|5177030039|151200001|0,00|0,00|0,00|0,00||0,00|5,00|0,00|||
000250|0430|1101060038|5177030047|151200001|0,00|0,00|0,00|0,00||0,00|5,00|0,00|||
000251|0430|1101060038|5177035006|151200001|0,00|0,00|0,00|0,00||0,00|5,00|0,00|||
000252|0430|1101060038|5177036002|151200001|0,00|0,00|0,00|0,00||0,00|5,00|0,00|||
000253|0430|1101060038|5177058006|151200001|0,00|0,00|0,00|0,00||0,00|5,00|0,00|||
000254|0430|1101060038|5178001008|100200009|0,00|0,00|0,00|0,00||0,00|2,50|0,00|||
000255|0430|1101060038|5178002004|100100009|0,00|0,00|0,00|0,00||0,00|2,50|0,00|||
000256|0430|1101060038|5178003000|100100006|0,00|0,00|0,00|0,00||0,00|2,50|0,00|||
000257|0430|1101060038|5178004007|100200009|0,00|0,00|0,00|0,00||0,00|2,50|0,00|||
000258|0430|1101060038|517800600X|100400003|2,74|0,00|2,74|0,00||2,74|2,50|0,00|||
000259|0430|1101060038|5178007006|151000006|0,00|0,00|0,00|0,00||0,00|5,00|0,00|||
000260|0430|1101060038|5178008002|100500006|0,00|0,00|0,00|0,00||0,00|2,50|0,00|||
000261|0430|1101060038|5178090019|100200009|0,00|0,00|0,00|0,00||0,00|2,50|0,00|||
000262|0430|1101060038|5178099008|100200009|0,00|0,00|0,00|0,00||0,00|2,50|0,00|||
000263|0430|1101060038|5179501004|150500001|0,00|0,00|0,00|0,00||0,00|5,00|0,00|||
000264|0430|1101060038|5179502000|150500001|40,17|0,00|40,17|0,00||40,17|5,00|0,00|||
000265|0430|1101060038|5179503007|151400001|583,08|0,00|583,08|0,00||583,08|5,00|0,00|||
000266|0430|1101060038|5179504003|151400001|0,00|0,00|0,00|0,00||0,00|5,00|0,00|||
000267|0430|1101060038|517950500X|150500003|1659,00|0,00|1659,00|0,00||1659,00|5,00|0,00|||
000268|0430|1101060038|5179506006|151700004|337,18|0,00|337,18|0,00||337,18|5,00|0,00|||
000269|0430|1101060038|5179507002|151700002|1082,15|0,00|1082,15|0,00||1082,15|5,00|0,00|||
000270|0430|1101060038|5179508009|151700001|0,00|0,00|0,00|0,00||0,00|5,00|0,00|||
000271|0430|1101060038|5179509005|151600006|0,00|0,00|0,00|0,00||0,00|5,00|0,00|||
000272|0430|1101060038|5179510003|151700001|0,00|0,00|0,00|0,00||0,00|5,00|0,00|||
000273|0430|1101060038|5179511018|151500004|22,40|0,00|22,40|0,00||22,40|5,00|0,00|||
000274|0430|1101060038|5179511026|151500004|2073,10|0,00|2073,10|0,00||2073,10|5,00|0,00|||
000275|0430|1101060038|5179511034|151500004|21,80|0,00|21,80|0,00||21,80|5,00|0,00|||
000276|0430|1101060038|5179512006|151500003|0,00|0,00|0,00|0,00||0,00|5,00|0,00|||
000277|0430|1101060038|5179513002|150700009|1296,43|0,00|1296,43|0,00||1296,43|5,00|0,00|||
000278|0430|1101060038|5179514009|150600003|62,47|0,00|62,47|0,00||62,47|5,00|0,00|||
000279|0430|1101060038|5179515005|151600006|104,20|0,00|104,20|0,00||104,20|5,00|0,00|||
000280|0430|1101060038|5179516001|151600006|0,00|0,00|0,00|0,00||0,00|5,00|0,00|||
000281|0430|1101060038|5179517008|151600006|80,20|0,00|80,20|0,00||80,20|5,00|0,00|||
000282|0430|1101060038|5179518004|151600001|0,00|0,00|0,00|0,00||0,00|5,00|0,00|||
000283|0430|1101060038|5179519000|150800012|93851,71|18530,56|75321,15|0,00||75321,15|5,00|0,00|||
000284|0430|1101060038|5179520017|150700010|0,00|0,00|0,00|0,00||0,00|5,00|0,00|||
000285|0430|1101060038|5179520025|150700010|188886,46|69803,30|119083,16|0,00||119083,16|5,00|0,00|||
000286|0430|1101060038|5179520033|151400003|0,00|0,00|0,00|0,00||0,00|5,00|0,00|||
000287|0430|1101060038|5179521005|151400001|0,00|0,00|0,00|0,00||0,00|5,00|0,00|||
000288|0430|1101060038|5179522001|151500004|0,00|0,00|0,00|0,00||0,00|5,00|0,00|||
000289|0430|1101060038|5179523008|151400015|0,00|0,00|0,00|0,00||0,00|5,00|0,00|||
000290|0430|1101060038|5179524004|151400006|0,00|0,00|0,00|0,00||0,00|5,00|0,00|||
000291|0430|1101060038|517960301X|150800005|0,00|0,00|0,00|0,00||0,00|5,00|0,00|||
000292|0430|1101060038|5179603028|280100001|0,00|0,00|0,00|0,00||0,00|5,00|0,00|||
000293|0430|1101060038|5179604016|151300006|0,00|0,00|0,00|0,00||0,00|5,00|0,00|||
000294|0430|1101060038|5179604024|151300015|0,00|0,00|0,00|0,00||0,00|5,00|0,00|||
000295|0430|1101060038|5179605004|151400003|0,00|0,00|0,00|0,00||0,00|5,00|0,00|||
000296|0430|1101060038|5179606019|151400013|0,00|0,00|0,00|0,00||0,00|5,00|0,00|||
000297|0430|1101060038|5179606027|151400015|0,00|0,00|0,00|0,00||0,00|5,00|0,00|||
000298|0430|1101060038|5179606035|151400015|0,00|0,00|0,00|0,00||0,00|5,00|0,00|||
000299|0430|1101060038|5179606043|151400015|0,00|0,00|0,00|0,00||0,00|5,00|0,00|||
000300|0430|1101060038|5179606051|151500004|0,00|0,00|0,00|0,00||0,00|5,00|0,00|||
000301|0430|1101060038|517960606X|151400013|0,00|0,00|0,00|0,00||0,00|5,00|0,00|||
000302|0430|1101060038|5179606078|151400013|0,00|0,00|0,00|0,00||0,00|5,00|0,00|||
000303|0430|1101060038|5179606086|151400013|0,00|0,00|0,00|0,00||0,00|5,00|0,00|||
000304|0430|1101060038|5179606094|151400013|0,00|0,00|0,00|0,00||0,00|5,00|0,00|||
000305|0430|1101060038|5179607007|100200003|0,00|0,00|0,00|0,00||0,00|2,50|0,00|||
000306|0430|1101060038|5179614003|151500003|0,00|0,00|0,00|0,00||0,00|5,00|0,00|||
000307|0430|1101060038|5179617002|151300023|0,00|0,00|0,00|0,00||0,00|5,00|0,00|||
000308|0430|1101060038|5179621085|151300023|0,00|0,00|0,00|0,00||0,00|5,00|0,00|||
000309|0430|1101060038|5179621123|151300001|0,00|0,00|0,00|0,00||0,00|5,00|0,00|||
000310|0430|1101060038|5179621131|151300002|0,00|0,00|0,00|0,00||0,00|5,00|0,00|||
000311|0430|1101060038|517962114X|151300002|0,00|0,00|0,00|0,00||0,00|5,00|0,00|||
000312|0430|1101060038|5179621182|151300015|0,00|0,00|0,00|0,00||0,00|5,00|0,00|||
000313|0430|1101060038|5179621190|151300012|0,00|0,00|0,00|0,00||0,00|5,00|0,00|||
000314|0430|1101060038|5179621204|151300001|0,00|0,00|0,00|0,00||0,00|5,00|0,00|||
000315|0430|1101060038|5179621212|151500004|0,00|0,00|0,00|0,00||0,00|5,00|0,00|||
000316|0430|1101060038|5179621220|151300015|0,00|0,00|0,00|0,00||0,00|5,00|0,00|||
000317|0430|1101060038|5179621239|151300015|0,00|0,00|0,00|0,00||0,00|5,00|0,00|||
000318|0430|1101060038|5179621247|151300015|0,00|0,00|0,00|0,00||0,00|5,00|0,00|||
000319|0430|1101060038|5179621263|151300001|0,00|0,00|0,00|0,00||0,00|5,00|0,00|||
000320|0430|1101060038|5179621271|151300008|0,00|0,00|0,00|0,00||0,00|5,00|0,00|||
000321|0430|1101060038|517962128X|151300006|0,00|0,00|0,00|0,00||0,00|5,00|0,00|||
000322|0430|1101060038|5179621298|151300006|0,00|0,00|0,00|0,00||0,00|5,00|0,00|||
000323|0430|1101060038|5179621301|151300008|0,00|0,00|0,00|0,00||0,00|5,00|0,00|||
000324|0430|1101060038|517962131X|151300019|0,00|0,00|0,00|0,00||0,00|5,00|0,00|||
000325|0430|1101060038|5179621328|151300009|0,00|0,00|0,00|0,00||0,00|5,00|0,00|||
000326|0430|1101060038|5179621336|151300008|0,00|0,00|0,00|0,00||0,00|5,00|0,00|||
000327|0430|1101060038|5179621344|151300001|0,00|0,00|0,00|0,00||0,00|5,00|0,00|||
000328|0430|1101060038|5179621360|151300009|0,00|0,00|0,00|0,00||0,00|5,00|0,00|||
000329|0430|1101060038|5179621379|151300019|0,00|0,00|0,00|0,00||0,00|5,00|0,00|||
000330|0430|1101060038|5179621387|151300011|0,00|0,00|0,00|0,00||0,00|5,00|0,00|||
000331|0430|1101060038|5179621395|151300015|0,00|0,00|0,00|0,00||0,00|5,00|0,00|||
000332|0430|1101060038|5179621409|151300015|0,00|0,00|0,00|0,00||0,00|5,00|0,00|||
000333|0430|1101060038|5179621417|151300015|0,00|0,00|0,00|0,00||0,00|5,00|0,00|||
000334|0430|1101060038|5179621425|151300023|0,00|0,00|0,00|0,00||0,00|5,00|0,00|||
000335|0430|1101060038|5179621433|151300023|0,00|0,00|0,00|0,00||0,00|5,00|0,00|||
000336|0430|1101060038|5179621441|151300023|0,00|0,00|0,00|0,00||0,00|5,00|0,00|||
000337|0430|1101060038|517962145X|151300023|0,00|0,00|0,00|0,00||0,00|5,00|0,00|||
000338|0430|1101060038|5179621468|151300008|0,00|0,00|0,00|0,00||0,00|5,00|0,00|||
000339|0430|1101060038|5179621999|151300023|0,00|0,00|0,00|0,00||0,00|5,00|0,00|||
000340|0430|1101060038|5179686004|151300019|0,00|0,00|0,00|0,00||0,00|5,00|0,00|||
000341|0430|1101060038|5179689003|151300011|0,00|0,00|0,00|0,00||0,00|5,00|0,00|||
000342|0430|1101060038|5179699017|260100001|0,00|0,00|0,00|0,00||0,00|5,00|0,00|||
000343|0430|1101060038|5179699025|151800012|0,00|0,00|0,00|0,00||0,00|5,00|0,00|||
000344|0430|1101060038|5179699033|151200001|0,00|0,00|0,00|0,00||0,00|5,00|0,00|||
000345|0430|1101060038|5179699041|150600003|0,00|0,00|0,00|0,00||0,00|5,00|0,00|||
000346|0430|1101060038|517969905X|150700003|0,00|0,00|0,00|0,00||0,00|5,00|0,00|||
000347|0430|1101060038|5179699068|172000004|0,00|0,00|0,00|0,00||0,00|5,00|0,00|||
000348|0430|1101060038|5179699076|151400001|0,00|0,00|0,00|0,00||0,00|5,00|0,00|||
000349|0430|1101060038|5179699084|150800001|0,00|0,00|0,00|0,00||0,00|5,00|0,00|||
000350|0430|1101060038|5179705009|150800012|0,00|0,00|0,00|0,00||0,00|5,00|0,00|||
000351|0430|1101060038|5179706013|151800012|0,00|0,00|0,00|0,00||0,00|5,00|0,00|||
000352|0430|1101060038|5179706021|151800012|25,00|0,00|25,00|0,00||25,00|5,00|0,00|||
000353|0430|1101060038|5179706048|151800012|0,00|0,00|0,00|0,00||0,00|5,00|0,00|||
000354|0430|1101060038|5179706110|151800012|0,00|0,00|0,00|0,00||0,00|5,00|0,00|||
000355|0430|1101060038|5179706129|151800012|0,00|0,00|0,00|0,00||0,00|5,00|0,00|||
000356|0430|1101060038|5179706153|150100005|0,00|0,00|0,00|0,00||0,00|5,00|0,00|||
000357|0430|1101060038|5179801016|150500001|599,20|0,00|599,20|0,00||599,20|5,00|0,00|||
000358|0430|1101060038|5179801024|150500001|0,00|0,00|0,00|0,00||0,00|5,00|0,00|||
000359|0430|1101060038|5179802012|151400001|25,00|0,00|25,00|0,00||25,00|5,00|0,00|||
000360|0430|1101060038|5179802020|151700002|1482,00|54,00|1428,00|0,00||1428,00|5,00|0,00|||
000361|0430|1101060038|5179802039|151500004|24,20|0,00|24,20|0,00||24,20|5,00|0,00|||
000362|0430|1101060038|5179802047|151500003|9,00|0,00|9,00|0,00||9,00|5,00|0,00|||
000363|0430|1101060038|5179802055|150700009|179,35|0,00|179,35|0,00||179,35|5,00|0,00|||
000364|0430|1101060038|5179802063|150500003|1699,00|0,00|1699,00|0,00||1699,00|5,00|0,00|||
000365|0430|1101060038|5179803019|151600006|48,00|0,00|48,00|0,00||48,00|5,00|0,00|||
000366|0430|1101060038|5179803027|151600006|0,00|0,00|0,00|0,00||0,00|5,00|0,00|||
000367|0430|1101060038|5179803035|151600001|0,00|0,00|0,00|0,00||0,00|5,00|0,00|||
000368|0430|1101060038|5179803043|151500003|4,00|0,00|4,00|0,00||4,00|5,00|0,00|||
000369|0430|1101060038|5179803051|151600006|0,00|0,00|0,00|0,00||0,00|5,00|0,00|||
000370|0430|1101060038|517980306X|151600006|0,00|0,00|0,00|0,00||0,00|5,00|0,00|||
000371|0430|1101060038|5179803078|151600006|0,00|0,00|0,00|0,00||0,00|5,00|0,00|||
000372|0430|1101060038|5179803086|151600006|288,75|0,00|288,75|0,00||288,75|5,00|0,00|||
000373|0430|1101060038|5179803094|151600006|0,00|0,00|0,00|0,00||0,00|5,00|0,00|||
000374|0430|1101060038|5179804015|150800012|1806,22|257,65|1548,57|0,00||1548,57|5,00|0,00|||
000375|0430|1101060038|5179804023|150800003|0,00|0,00|0,00|0,00||0,00|5,00|0,00|||
000376|0430|1101060038|5179805011|151800012|0,00|0,00|0,00|0,00||0,00|5,00|0,00|||
000377|0430|1101060038|5179899016|150700010|0,00|0,00|0,00|0,00||0,00|5,00|0,00|||
000378|0430|1101060038|5179899024|151800012|0,00|0,00|0,00|0,00||0,00|5,00|0,00|||
000379|0430|1101060038|5179901347|100100012|0,00|0,00|0,00|0,00||0,00|2,50|0,00|||
000380|0430|1101060038|5179902009|100500009|0,00|0,00|0,00|0,00||0,00|2,50|0,00|||
000381|0430|1101060038|5179903005|150100001|0,00|0,00|0,00|0,00||0,00|5,00|0,00|||
000382|0430|1101060038|517990401X|151300019|0,00|0,00|0,00|0,00||0,00|5,00|0,00|||
000383|0430|1101060038|5179904028|151300019|50,00|0,00|50,00|0,00||50,00|5,00|0,00|||
000384|0430|1101060038|5179904036|151300023|0,00|0,00|0,00|0,00||0,00|5,00|0,00|||
000385|0430|1101060038|5179905016|100500009|0,00|0,00|0,00|0,00||0,00|2,50|0,00|||
000386|0430|1101060038|5179905024|170100003|0,00|0,00|0,00|0,00||0,00|5,00|0,00|||
000387|0430|1101060038|5179905032|171300001|0,00|0,00|0,00|0,00||0,00|5,00|0,00|||
000388|0430|1101060038|5179905040|100500006|0,00|0,00|0,00|0,00||0,00|2,50|0,00|||
000389|0430|1101060038|5179905059|150700003|0,00|0,00|0,00|0,00||0,00|5,00|0,00|||
000390|0430|1101060038|5179905067|170100003|0,00|0,00|0,00|0,00||0,00|5,00|0,00|||
000391|0430|1101060038|5179905075|171300001|0,00|0,00|0,00|0,00||0,00|5,00|0,00|||
000392|0430|1101060038|5179905083|150700003|0,00|0,00|0,00|0,00||0,00|5,00|0,00|||
000393|0430|1101060038|5179905091|150700003|0,00|0,00|0,00|0,00||0,00|5,00|0,00|||
000394|0430|1101060038|5179906012|151800012|0,00|0,00|0,00|0,00||0,00|5,00|0,00|||
000395|0430|1101060038|5179906020|151800012|0,00|0,00|0,00|0,00||0,00|5,00|0,00|||
000396|0430|1101060038|5179906039|151800012|0,00|0,00|0,00|0,00||0,00|5,00|0,00|||
000397|0430|1101060038|5179906047|151800012|0,00|0,00|0,00|0,00||0,00|5,00|0,00|||
000398|0430|1101060038|5179906055|151800012|0,00|0,00|0,00|0,00||0,00|5,00|0,00|||
000399|0430|1101060038|5179906101|100100004|0,00|0,00|0,00|0,00||0,00|2,50|0,00|||
000400|0430|1101060038|517990611X|151800012|0,00|0,00|0,00|0,00||0,00|5,00|0,00|||
000401|0430|1101060038|5179906128|151800012|0,00|0,00|0,00|0,00||0,00|5,00|0,00|||
000402|0430|1101060038|5179906136|151800012|0,00|0,00|0,00|0,00||0,00|5,00|0,00|||
000403|0430|1101060038|5179906144|151800012|0,00|0,00|0,00|0,00||0,00|5,00|0,00|||
000404|0430|1101060038|5179906152|151800012|0,00|0,00|0,00|0,00||0,00|5,00|0,00|||
000405|0430|1101060038|5179906160|151800001|0,00|0,00|0,00|0,00||0,00|5,00|0,00|||
000406|0430|1101060038|5179906179|151800005|0,00|0,00|0,00|0,00||0,00|5,00|0,00|||
000407|0430|1101060038|5179907000|170100003|0,00|0,00|0,00|0,00||0,00|5,00|0,00|||
000408|0430|1101060038|5179908007|150500003|0,00|0,00|0,00|0,00||0,00|5,00|0,00|||
000409|0430|1101060038|5179909011|151600001|0,00|0,00|0,00|0,00||0,00|5,00|0,00|||
000410|0430|1101060038|517990902X|100900001|0,00|0,00|0,00|0,00||0,00|2,50|0,00|||
000411|0430|1101060038|517991001X|151500001|0,00|0,00|0,00|0,00||0,00|5,00|0,00|||
000412|0430|1101060038|5179910036|151500004|0,00|0,00|0,00|0,00||0,00|5,00|0,00|||
000413|0430|1101060038|5179910052|151500004|0,00|0,00|0,00|0,00||0,00|5,00|0,00|||
000414|0430|1101060038|5179911008|150700010|0,00|0,00|0,00|0,00||0,00|5,00|0,00|||
000415|0430|1101060038|5179912012|150200012|0,00|0,00|0,00|0,00||0,00|5,00|0,00|||
000416|0430|1101060038|5179912020|151000008|0,00|0,00|0,00|0,00||0,00|5,00|0,00|||
000417|0430|1101060038|5179912039|150700005|0,00|0,00|0,00|0,00||0,00|5,00|0,00|||
000418|0430|1101060038|5179912047|150700009|0,00|0,00|0,00|0,00||0,00|5,00|0,00|||
000419|0430|1101060038|5179913000|151300019|0,00|0,00|0,00|0,00||0,00|5,00|0,00|||
000420|0430|1101060038|5179914007|151300009|0,00|0,00|0,00|0,00||0,00|5,00|0,00|||
000421|0430|1101060038|5179915011|150100001|0,00|0,00|0,00|0,00||0,00|5,00|0,00|||
000422|0430|1101060038|5179915046|150100001|0,00|0,00|0,00|0,00||0,00|5,00|0,00|||
000423|0430|1101060038|5179915593|150100001|0,00|0,00|0,00|0,00||0,00|5,00|0,00|||
000424|0430|1101060038|5179915607|150100001|0,00|0,00|0,00|0,00||0,00|5,00|0,00|||
000425|0430|1101060038|5179915615|150100001|0,00|0,00|0,00|0,00||0,00|5,00|0,00|||
000426|0430|1101060038|5179915623|150100001|0,00|0,00|0,00|0,00||0,00|5,00|0,00|||
000427|0430|1101060038|5179915631|150100001|0,00|0,00|0,00|0,00||0,00|5,00|0,00|||
000428|0430|1101060038|517991564X|150100001|0,00|0,00|0,00|0,00||0,00|5,00|0,00|||
000429|0430|1101060038|5179915674|150100001|0,00|0,00|0,00|0,00||0,00|5,00|0,00|||
000430|0430|1101060038|5179915801|150100001|0,00|0,00|0,00|0,00||0,00|5,00|0,00|||
000431|0430|1101060038|517991600X|150100001|0,00|0,00|0,00|0,00||0,00|5,00|0,00|||
000432|0430|1101060038|5179917006|170100003|0,00|0,00|0,00|0,00||0,00|5,00|0,00|||
000433|0430|1101060038|5179918010|170100003|0,00|0,00|0,00|0,00||0,00|5,00|0,00|||
000434|0430|1101060038|5179918029|170100002|0,00|0,00|0,00|0,00||0,00|5,00|0,00|||
000435|0430|1101060038|5179918991|170100003|0,00|0,00|0,00|0,00||0,00|5,00|0,00|||
000436|0430|1101060038|5179919017|150700010|0,00|0,00|0,00|0,00||0,00|5,00|0,00|||
000437|0430|1101060038|5179919025|150700002|0,00|0,00|0,00|0,00||0,00|5,00|0,00|||
000438|0430|1101060038|5179920015|151000005|0,00|0,00|0,00|0,00||0,00|5,00|0,00|||
000439|0430|1101060038|5179920023|150100001|0,00|0,00|0,00|0,00||0,00|5,00|0,00|||
000440|0430|1101060038|517992102X|151300009|0,00|0,00|0,00|0,00||0,00|5,00|0,00|||
000441|0430|1101060038|5179921062|151300023|0,00|0,00|0,00|0,00||0,00|5,00|0,00|||
000442|0430|1101060038|5179921089|151300019|0,00|0,00|0,00|0,00||0,00|5,00|0,00|||
000443|0430|1101060038|5179921119|151300001|0,00|0,00|0,00|0,00||0,00|5,00|0,00|||
000444|0430|1101060038|5179921127|151300001|0,00|0,00|0,00|0,00||0,00|5,00|0,00|||
000445|0430|1101060038|5179921135|151300002|0,00|0,00|0,00|0,00||0,00|5,00|0,00|||
000446|0430|1101060038|5179921143|151300002|0,00|0,00|0,00|0,00||0,00|5,00|0,00|||
000447|0430|1101060038|5179921151|151300019|0,00|0,00|0,00|0,00||0,00|5,00|0,00|||
000448|0430|1101060038|517992116X|151300002|0,00|0,00|0,00|0,00||0,00|5,00|0,00|||
000449|0430|1101060038|5179921178|151300012|0,00|0,00|0,00|0,00||0,00|5,00|0,00|||
000450|0430|1101060038|5179921186|151300015|0,00|0,00|0,00|0,00||0,00|5,00|0,00|||
000451|0430|1101060038|5179921194|151300015|0,00|0,00|0,00|0,00||0,00|5,00|0,00|||
000452|0430|1101060038|5179921208|151300001|0,00|0,00|0,00|0,00||0,00|5,00|0,00|||
000453|0430|1101060038|5179921216|151300015|0,00|0,00|0,00|0,00||0,00|5,00|0,00|||
000454|0430|1101060038|5179921224|151300023|0,00|0,00|0,00|0,00||0,00|5,00|0,00|||
000455|0430|1101060038|5179921232|151300015|0,00|0,00|0,00|0,00||0,00|5,00|0,00|||
000456|0430|1101060038|5179921240|151300023|0,00|0,00|0,00|0,00||0,00|5,00|0,00|||
000457|0430|1101060038|5179921259|151300015|0,00|0,00|0,00|0,00||0,00|5,00|0,00|||
000458|0430|1101060038|5179921267|151300023|0,00|0,00|0,00|0,00||0,00|5,00|0,00|||
000459|0430|1101060038|5179921275|151300008|0,00|0,00|0,00|0,00||0,00|5,00|0,00|||
000460|0430|1101060038|5179921283|151300019|0,00|0,00|0,00|0,00||0,00|5,00|0,00|||
000461|0430|1101060038|5179921291|151300006|0,00|0,00|0,00|0,00||0,00|5,00|0,00|||
000462|0430|1101060038|5179921305|151300023|0,00|0,00|0,00|0,00||0,00|5,00|0,00|||
000463|0430|1101060038|5179921313|151300011|0,00|0,00|0,00|0,00||0,00|5,00|0,00|||
000464|0430|1101060038|5179921321|151300011|0,00|0,00|0,00|0,00||0,00|5,00|0,00|||
000465|0430|1101060038|517992133X|151300009|0,00|0,00|0,00|0,00||0,00|5,00|0,00|||
000466|0430|1101060038|5179921364|151300011|0,00|0,00|0,00|0,00||0,00|5,00|0,00|||
000467|0430|1101060038|5179921372|151300019|0,00|0,00|0,00|0,00||0,00|5,00|0,00|||
000468|0430|1101060038|5179921380|151300011|0,00|0,00|0,00|0,00||0,00|5,00|0,00|||
000469|0430|1101060038|5179921399|151300023|0,00|0,00|0,00|0,00||0,00|5,00|0,00|||
000470|0430|1101060038|5179921402|151300011|0,00|0,00|0,00|0,00||0,00|5,00|0,00|||
000471|0430|1101060038|5179921410|151300023|0,00|0,00|0,00|0,00||0,00|5,00|0,00|||
000472|0430|1101060038|5179921429|151300023|0,00|0,00|0,00|0,00||0,00|5,00|0,00|||
000473|0430|1101060038|5179921437|151300023|0,00|0,00|0,00|0,00||0,00|5,00|0,00|||
000474|0430|1101060038|5179921445|151300009|0,00|0,00|0,00|0,00||0,00|5,00|0,00|||
000475|0430|1101060038|5179921453|151300009|0,00|0,00|0,00|0,00||0,00|5,00|0,00|||
000476|0430|1101060038|5179921461|151300008|0,00|0,00|0,00|0,00||0,00|5,00|0,00|||
000477|0430|1101060038|5179921992|151300009|0,00|0,00|0,00|0,00||0,00|5,00|0,00|||
000478|0430|1101060038|5179922042|151300019|0,00|0,00|0,00|0,00||0,00|5,00|0,00|||
000479|0430|1101060038|5179922115|151300001|0,00|0,00|0,00|0,00||0,00|5,00|0,00|||
000480|0430|1101060038|5179922131|151300002|0,00|0,00|0,00|0,00||0,00|5,00|0,00|||
000481|0430|1101060038|5179922999|151300009|0,00|0,00|0,00|0,00||0,00|5,00|0,00|||
000482|0430|1101060038|5179923006|100200009|0,00|0,00|0,00|0,00||0,00|2,50|0,00|||
000483|0430|1101060038|5179924010|151000006|0,00|0,00|0,00|0,00||0,00|5,00|0,00|||
000484|0430|1101060038|5179924029|151000006|0,00|0,00|0,00|0,00||0,00|5,00|0,00|||
000485|0430|1101060038|5179924037|151000006|0,00|0,00|0,00|0,00||0,00|5,00|0,00|||
000486|0430|1101060038|5179924045|151000006|0,00|0,00|0,00|0,00||0,00|5,00|0,00|||
000487|0430|1101060038|5179924053|151000006|0,00|0,00|0,00|0,00||0,00|5,00|0,00|||
000488|0430|1101060038|5179924061|151000006|0,00|0,00|0,00|0,00||0,00|5,00|0,00|||
000489|0430|1101060038|517992407X|151000006|0,00|0,00|0,00|0,00||0,00|5,00|0,00|||
000490|0430|1101060038|5179924088|151000006|0,00|0,00|0,00|0,00||0,00|5,00|0,00|||
000491|0430|1101060038|5179924096|151000006|0,00|0,00|0,00|0,00||0,00|5,00|0,00|||
000492|0430|1101060038|5179924126|151000006|0,00|0,00|0,00|0,00||0,00|5,00|0,00|||
000493|0430|1101060038|5179924134|151000006|0,00|0,00|0,00|0,00||0,00|5,00|0,00|||
000494|0430|1101060038|5179924142|151000006|0,00|0,00|0,00|0,00||0,00|5,00|0,00|||
000495|0430|1101060038|5179924150|151000006|0,00|0,00|0,00|0,00||0,00|5,00|0,00|||
000496|0430|1101060038|5179924983|151000006|142,80|0,00|142,80|0,00||142,80|5,00|0,00|||
000497|0430|1101060038|5179925017|100200009|0,00|0,00|0,00|0,00||0,00|2,50|0,00|||
000498|0430|1101060038|5179925025|100200009|0,00|0,00|0,00|0,00||0,00|2,50|0,00|||
000499|0430|1101060038|5179925033|100200009|0,00|0,00|0,00|0,00||0,00|2,50|0,00|||
000500|0430|1101060038|5179925041|100200009|0,00|0,00|0,00|0,00||0,00|2,50|0,00|||
000501|0430|1101060038|517992505X|100200009|0,00|0,00|0,00|0,00||0,00|2,50|0,00|||
000502|0430|1101060038|5179925068|100200009|0,00|0,00|0,00|0,00||0,00|2,50|0,00|||
000503|0430|1101060038|5179925076|100200009|0,00|0,00|0,00|0,00||0,00|2,50|0,00|||
000504|0430|1101060038|5179925157|100200009|0,00|0,00|0,00|0,00||0,00|2,50|0,00|||
000505|0430|1101060038|5179925203|100200009|0,00|0,00|0,00|0,00||0,00|2,50|0,00|||
000506|0430|1101060038|5179925211|100200009|0,00|0,00|0,00|0,00||0,00|2,50|0,00|||
000507|0430|1101060038|5179925254|100200009|0,00|0,00|0,00|0,00||0,00|2,50|0,00|||
000508|0430|1101060038|5179925300|100200009|0,00|0,00|0,00|0,00||0,00|2,50|0,00|||
000509|0430|1101060038|5179925319|100200009|0,00|0,00|0,00|0,00||0,00|2,50|0,00|||
000510|0430|1101060038|5179925327|100200009|0,00|0,00|0,00|0,00||0,00|2,50|0,00|||
000511|0430|1101060038|5179925351|100200009|0,00|0,00|0,00|0,00||0,00|2,50|0,00|||
000512|0430|1101060038|5179925408|100200009|0,00|0,00|0,00|0,00||0,00|2,50|0,00|||
000513|0430|1101060038|5179925416|100200009|0,00|0,00|0,00|0,00||0,00|2,50|0,00|||
000514|0430|1101060038|5179925459|100200009|0,00|0,00|0,00|0,00||0,00|2,50|0,00|||
000515|0430|1101060038|5179925467|100200009|0,00|0,00|0,00|0,00||0,00|2,50|0,00|||
000516|0430|1101060038|5179925505|100200009|0,00|0,00|0,00|0,00||0,00|2,50|0,00|||
000517|0430|1101060038|5179925513|100200009|0,00|0,00|0,00|0,00||0,00|2,50|0,00|||
000518|0430|1101060038|5179925521|100200009|0,00|0,00|0,00|0,00||0,00|2,50|0,00|||
000519|0430|1101060038|517992553X|100200009|0,00|0,00|0,00|0,00||0,00|2,50|0,00|||
000520|0430|1101060038|5179925548|100200009|0,00|0,00|0,00|0,00||0,00|2,50|0,00|||
000521|0430|1101060038|5179925556|100200009|0,00|0,00|0,00|0,00||0,00|2,50|0,00|||
000522|0430|1101060038|5179925564|100200009|0,00|0,00|0,00|0,00||0,00|2,50|0,00|||
000523|0430|1101060038|5179925572|100200009|0,00|0,00|0,00|0,00||0,00|2,50|0,00|||
000524|0430|1101060038|5179925580|100200009|0,00|0,00|0,00|0,00||0,00|2,50|0,00|||
000525|0430|1101060038|5179925599|100200009|0,00|0,00|0,00|0,00||0,00|2,50|0,00|||
000526|0430|1101060038|5179925602|100200009|0,00|0,00|0,00|0,00||0,00|2,50|0,00|||
000527|0430|1101060038|5179925904|100200009|0,00|0,00|0,00|0,00||0,00|2,50|0,00|||
000528|0430|1101060038|5179926013|150800001|0,00|0,00|0,00|0,00||0,00|5,00|0,00|||
000529|0430|1101060038|5179926021|150800003|0,00|0,00|0,00|0,00||0,00|5,00|0,00|||
000530|0430|1101060038|517992603X|150800005|0,00|0,00|0,00|0,00||0,00|5,00|0,00|||
000531|0430|1101060038|5179926048|150800005|0,00|0,00|0,00|0,00||0,00|5,00|0,00|||
000532|0430|1101060038|5179926056|150800008|0,00|0,00|0,00|0,00||0,00|5,00|0,00|||
000533|0430|1101060038|5179927001|100500009|0,00|0,00|0,00|0,00||0,00|2,50|0,00|||
000534|0430|1101060038|5179928008|100200009|0,00|0,00|0,00|0,00||0,00|2,50|0,00|||
000535|0430|1101060038|5179929004|100200003|0,00|0,00|0,00|0,00||0,00|2,50|0,00|||
000536|0430|1101060038|5179930010|100100012|0,00|0,00|0,00|0,00||0,00|2,50|0,00|||
000537|0430|1101060038|5179930029|100100012|16,29|0,00|16,29|0,00||16,29|2,50|0,00|||
000538|0430|1101060038|5179930037|100100012|0,00|0,00|0,00|0,00||0,00|2,50|0,00|||
000539|0430|1101060038|5179930045|100100012|21,08|0,00|21,08|0,00||21,08|2,50|0,00|||
000540|0430|1101060038|5179930053|100100012|0,00|0,00|0,00|0,00||0,00|2,50|0,00|||
000541|0430|1101060038|5179930061|100100012|0,00|0,00|0,00|0,00||0,00|2,50|0,00|||
000542|0430|1101060038|517993007X|100100012|0,00|0,00|0,00|0,00||0,00|2,50|0,00|||
000543|0430|1101060038|5179930088|100100012|0,00|0,00|0,00|0,00||0,00|2,50|0,00|||
000544|0430|1101060038|5179930096|100100012|0,00|0,00|0,00|0,00||0,00|2,50|0,00|||
000545|0430|1101060038|517993010X|100100012|0,00|0,00|0,00|0,00||0,00|2,50|0,00|||
000546|0430|1101060038|5179930118|100100012|0,00|0,00|0,00|0,00||0,00|2,50|0,00|||
000547|0430|1101060038|5179930126|100100012|0,00|0,00|0,00|0,00||0,00|2,50|0,00|||
000548|0430|1101060038|5179930134|100100012|0,00|0,00|0,00|0,00||0,00|2,50|0,00|||
000549|0430|1101060038|5179930142|100100012|0,00|0,00|0,00|0,00||0,00|2,50|0,00|||
000550|0430|1101060038|5179930150|100100012|0,00|0,00|0,00|0,00||0,00|2,50|0,00|||
000551|0430|1101060038|5179930169|100100012|0,00|0,00|0,00|0,00||0,00|2,50|0,00|||
000552|0430|1101060038|5179930177|100100012|0,00|0,00|0,00|0,00||0,00|2,50|0,00|||
000553|0430|1101060038|5179930185|100100012|17,30|0,00|17,30|0,00||17,30|2,50|0,00|||
000554|0430|1101060038|5179930193|100100012|0,00|0,00|0,00|0,00||0,00|2,50|0,00|||
000555|0430|1101060038|5179930207|100100012|18,50|0,00|18,50|0,00||18,50|2,50|0,00|||
000556|0430|1101060038|5179930215|100100012|0,00|0,00|0,00|0,00||0,00|2,50|0,00|||
000557|0430|1101060038|5179930223|100100012|6,63|0,00|6,63|0,00||6,63|2,50|0,00|||
000558|0430|1101060038|5179930231|100100012|0,00|0,00|0,00|0,00||0,00|2,50|0,00|||
000559|0430|1101060038|517993024X|100100012|2,47|0,00|2,47|0,00||2,47|2,50|0,00|||
000560|0430|1101060038|5179930258|100100012|0,00|0,00|0,00|0,00||0,00|2,50|0,00|||
000561|0430|1101060038|5179930266|100100012|0,00|0,00|0,00|0,00||0,00|2,50|0,00|||
000562|0430|1101060038|5179930274|100100012|0,00|0,00|0,00|0,00||0,00|2,50|0,00|||
000563|0430|1101060038|5179930282|100100012|0,00|0,00|0,00|0,00||0,00|2,50|0,00|||
000564|0430|1101060038|5179930290|100100012|0,00|0,00|0,00|0,00||0,00|2,50|0,00|||
000565|0430|1101060038|5179930304|100100012|0,00|0,00|0,00|0,00||0,00|2,50|0,00|||
000566|0430|1101060038|5179930312|100100012|0,00|0,00|0,00|0,00||0,00|2,50|0,00|||
000567|0430|1101060038|5179930320|100100012|0,00|0,00|0,00|0,00||0,00|2,50|0,00|||
000568|0430|1101060038|5179930339|100100012|10,81|0,00|10,81|0,00||10,81|2,50|0,00|||
000569|0430|1101060038|5179930347|100100012|39,80|0,00|39,80|0,00||39,80|2,50|0,00|||
000570|0430|1101060038|5179930355|100100012|12,13|0,00|12,13|0,00||12,13|2,50|0,00|||
000571|0430|1101060038|5179930363|100100012|97,53|0,00|97,53|0,00||97,53|2,50|0,00|||
000572|0430|1101060038|5179930371|100100012|0,00|0,00|0,00|0,00||0,00|2,50|0,00|||
000573|0430|1101060038|517993038X|100100012|24,68|0,00|24,68|0,00||24,68|2,50|0,00|||
000574|0430|1101060038|5179930398|100100012|0,00|0,00|0,00|0,00||0,00|2,50|0,00|||
000575|0430|1101060038|5179930401|100100012|39,60|0,00|39,60|0,00||39,60|2,50|0,00|||
000576|0430|1101060038|517993041X|100100012|1,44|0,00|1,44|0,00||1,44|2,50|0,00|||
000577|0430|1101060038|5179930428|100100012|0,00|0,00|0,00|0,00||0,00|2,50|0,00|||
000578|0430|1101060038|5179930436|100100012|0,00|0,00|0,00|0,00||0,00|2,50|0,00|||
000579|0430|1101060038|5179930444|100100012|6,32|0,00|6,32|0,00||6,32|2,50|0,00|||
000580|0430|1101060038|5179930452|100100012|6,03|0,00|6,03|0,00||6,03|2,50|0,00|||
000581|0430|1101060038|5179930460|100100012|10,18|0,00|10,18|0,00||10,18|2,50|0,00|||
000582|0430|1101060038|5179930479|100100012|13,57|0,00|13,57|0,00||13,57|2,50|0,00|||
000583|0430|1101060038|5179930487|100100012|16,52|0,00|16,52|0,00||16,52|2,50|0,00|||
000584|0430|1101060038|5179930495|100100012|0,00|0,00|0,00|0,00||0,00|2,50|0,00|||
000585|0430|1101060038|5179930509|100100012|33,55|0,00|33,55|0,00||33,55|2,50|0,00|||
000586|0430|1101060038|5179930517|100100012|0,00|0,00|0,00|0,00||0,00|2,50|0,00|||
000587|0430|1101060038|5179930525|100100012|0,00|0,00|0,00|0,00||0,00|2,50|0,00|||
000588|0430|1101060038|5179930533|100100012|0,00|0,00|0,00|0,00||0,00|2,50|0,00|||
000589|0430|1101060038|5179930541|100100012|5,40|0,00|5,40|0,00||5,40|2,50|0,00|||
000590|0430|1101060038|517993055X|100100012|0,00|0,00|0,00|0,00||0,00|2,50|0,00|||
000591|0430|1101060038|5179930568|100100012|0,00|0,00|0,00|0,00||0,00|2,50|0,00|||
000592|0430|1101060038|5179930703|100100012|0,00|0,00|0,00|0,00||0,00|2,50|0,00|||
000593|0430|1101060038|5179930800|100100012|0,00|0,00|0,00|0,00||0,00|2,50|0,00|||
000594|0430|1101060038|5179931017|150100001|0,00|0,00|0,00|0,00||0,00|5,00|0,00|||
000595|0430|1101060038|5179931033|150100001|0,00|0,00|0,00|0,00||0,00|5,00|0,00|||
000596|0430|1101060038|5179932005|100200009|0,00|0,00|0,00|0,00||0,00|2,50|0,00|||
000597|0430|1101060038|5179933001|170900003|0,00|0,00|0,00|0,00||0,00|5,00|0,00|||
000598|0430|1101060038|5179934016|150200011|0,00|0,00|0,00|0,00||0,00|5,00|0,00|||
000599|0430|1101060038|5179935004|150800008|0,00|0,00|0,00|0,00||0,00|5,00|0,00|||
000600|0430|1101060038|5179936000|170900003|0,00|0,00|0,00|0,00||0,00|5,00|0,00|||
000601|0430|1101060038|5179937015|100500006|0,00|0,00|0,00|0,00||0,00|2,50|0,00|||
000602|0430|1101060038|5179937023|100500006|0,00|0,00|0,00|0,00||0,00|2,50|0,00|||
000603|0430|1101060038|5179937031|100500006|0,00|0,00|0,00|0,00||0,00|2,50|0,00|||
000604|0430|1101060038|517993704X|100900001|0,00|0,00|0,00|0,00||0,00|2,50|0,00|||
000605|0430|1101060038|5179938003|150100001|0,00|0,00|0,00|0,00||0,00|5,00|0,00|||
000606|0430|1101060038|517993900X|151200001|0,00|0,00|0,00|0,00||0,00|5,00|0,00|||
000607|0430|1101060038|5179940008|151000006|0,00|0,00|0,00|0,00||0,00|5,00|0,00|||
000608|0430|1101060038|5179941004|150200012|2035,27|0,00|2035,27|0,00||2035,27|5,00|0,00|||
000609|0430|1101060038|5179942000|180100002|0,00|0,00|0,00|0,00||0,00|5,00|0,00|||
000610|0430|1101060038|5179943007|151700001|0,00|0,00|0,00|0,00||0,00|5,00|0,00|||
000611|0430|1101060038|5179944046|100200003|0,00|0,00|0,00|0,00||0,00|2,50|0,00|||
000612|0430|1101060038|5179944054|100200003|0,00|0,00|0,00|0,00||0,00|2,50|0,00|||
000613|0430|1101060038|5179944089|100200003|0,00|0,00|0,00|0,00||0,00|2,50|0,00|||
000614|0430|1101060038|5179944240|100200003|0,00|0,00|0,00|0,00||0,00|2,50|0,00|||
000615|0430|1101060038|5179944259|100200003|0,00|0,00|0,00|0,00||0,00|2,50|0,00|||
000616|0430|1101060038|5179944283|100200003|0,00|0,00|0,00|0,00||0,00|2,50|0,00|||
000617|0430|1101060038|5179944291|100200003|0,00|0,00|0,00|0,00||0,00|2,50|0,00|||
000618|0430|1101060038|5179944305|100100006|0,00|0,00|0,00|0,00||0,00|2,50|0,00|||
000619|0430|1101060038|5179944313|100100006|0,00|0,00|0,00|0,00||0,00|2,50|0,00|||
000620|0430|1101060038|5179945018|080200001|0,00|0,00|0,00|0,00||0,00|2,50|0,00|||
000621|0430|1101060038|5179945026|080200001|0,00|0,00|0,00|0,00||0,00|2,50|0,00|||
000622|0430|1101060038|5179945980|080200001|0,00|0,00|0,00|0,00||0,00|2,50|0,00|||
000623|0430|1101060038|5179946650|171200001|0,00|0,00|0,00|0,00||0,00|5,00|0,00|||
000624|0430|1101060038|5179947002|150100001|0,00|0,00|0,00|0,00||0,00|5,00|0,00|||
000625|0430|1101060038|5179948017|150100001|0,00|0,00|0,00|0,00||0,00|5,00|0,00|||
000626|0430|1101060038|5179948025|150100001|0,00|0,00|0,00|0,00||0,00|5,00|0,00|||
000627|0430|1101060038|5179949005|150100001|0,00|0,00|0,00|0,00||0,00|5,00|0,00|||
000628|0430|1101060038|5179950011|151000008|2219,05|0,00|2219,05|0,00||2219,05|5,00|0,00|||
000629|0430|1101060038|517995002X|151000008|0,00|0,00|0,00|0,00||0,00|5,00|0,00|||
000630|0430|1101060038|5179950038|151000008|0,00|0,00|0,00|0,00||0,00|5,00|0,00|||
000631|0430|1101060038|5179950054|151000008|0,00|0,00|0,00|0,00||0,00|5,00|0,00|||
000632|0430|1101060038|5179950070|151000008|0,00|0,00|0,00|0,00||0,00|5,00|0,00|||
000633|0430|1101060038|5179950097|151000008|0,00|0,00|0,00|0,00||0,00|5,00|0,00|||
000634|0430|1101060038|5179950119|151000008|0,00|0,00|0,00|0,00||0,00|5,00|0,00|||
000635|0430|1101060038|5179950135|151000008|0,00|0,00|0,00|0,00||0,00|5,00|0,00|||
000636|0430|1101060038|5179950151|151000008|0,00|0,00|0,00|0,00||0,00|5,00|0,00|||
000637|0430|1101060038|5179950216|151000008|19,20|0,00|19,20|0,00||19,20|5,00|0,00|||
000638|0430|1101060038|5179950232|151000008|0,00|0,00|0,00|0,00||0,00|5,00|0,00|||
000639|0430|1101060038|5179950259|151000008|0,00|0,00|0,00|0,00||0,00|5,00|0,00|||
000640|0430|1101060038|5179950291|151000008|0,00|0,00|0,00|0,00||0,00|5,00|0,00|||
000641|0430|1101060038|5179950313|151000008|0,00|0,00|0,00|0,00||0,00|5,00|0,00|||
000642|0430|1101060038|517995033X|151000018|0,00|0,00|0,00|0,00||0,00|5,00|0,00|||
000643|0430|1101060038|5179950372|151000008|0,00|0,00|0,00|0,00||0,00|5,00|0,00|||
000644|0430|1101060038|5179950844|151000008|0,00|0,00|0,00|0,00||0,00|5,00|0,00|||
000645|0430|1101060038|5179950852|151000008|0,00|0,00|0,00|0,00||0,00|5,00|0,00|||
000646|0430|1101060038|5179951018|151000001|0,00|0,00|0,00|0,00||0,00|5,00|0,00|||
000647|0430|1101060038|5179951026|150800008|0,00|0,00|0,00|0,00||0,00|5,00|0,00|||
000648|0430|1101060038|5179951034|150800012|0,00|0,00|0,00|0,00||0,00|5,00|0,00|||
000649|0430|1101060038|5179951042|150800003|0,00|0,00|0,00|0,00||0,00|5,00|0,00|||
000650|0430|1101060038|5179951050|150800003|0,00|0,00|0,00|0,00||0,00|5,00|0,00|||
000651|0430|1101060038|5179952006|150100001|0,00|0,00|0,00|0,00||0,00|5,00|0,00|||
000652|0430|1101060038|5179953002|150100001|0,00|0,00|0,00|0,00||0,00|5,00|0,00|||
000653|0430|1101060038|5179954009|151000006|0,00|0,00|0,00|0,00||0,00|5,00|0,00|||
000654|0430|1101060038|5179955013|150100001|0,00|0,00|0,00|0,00||0,00|5,00|0,00|||
000655|0430|1101060038|517995601X|100100012|252,81|0,00|252,81|0,00||252,81|2,50|0,00|||
000656|0430|1101060038|5179956028|100100012|0,00|0,00|0,00|0,00||0,00|2,50|0,00|||
000657|0430|1101060038|5179956036|100100006|710,05|26,52|683,53|0,00||683,53|2,50|0,00|||
000658|0430|1101060038|5179956044|100100006|0,00|0,00|0,00|0,00||0,00|2,50|0,00|||
000659|0430|1101060038|5179956052|100100012|13,80|0,00|13,80|0,00||13,80|2,50|0,00|||
000660|0430|1101060038|5179956060|100900001|0,00|0,00|0,00|0,00||0,00|2,50|0,00|||
000661|0430|1101060038|5179956079|100100005|0,00|0,00|0,00|0,00||0,00|2,50|0,00|||
000662|0430|1101060038|5179956087|100100006|0,00|0,00|0,00|0,00||0,00|2,50|0,00|||
000663|0430|1101060038|5179956095|100100005|209,50|0,00|209,50|0,00||209,50|2,50|0,00|||
000664|0430|1101060038|5179956109|100100006|0,00|0,00|0,00|0,00||0,00|2,50|0,00|||
000665|0430|1101060038|5179956133|100100005|0,00|0,00|0,00|0,00||0,00|2,50|0,00|||
000666|0430|1101060038|5179957016|100500009|0,00|0,00|0,00|0,00||0,00|2,50|0,00|||
000667|0430|1101060038|5179957024|100500006|0,00|0,00|0,00|0,00||0,00|2,50|0,00|||
000668|0430|1101060038|5179957059|100500009|0,00|0,00|0,00|0,00||0,00|2,50|0,00|||
000669|0430|1101060038|5179957121|100500006|0,00|0,00|0,00|0,00||0,00|2,50|0,00|||
000670|0430|1101060038|517995713X|100500006|0,00|0,00|0,00|0,00||0,00|2,50|0,00|||
000671|0430|1101060038|5179958012|171200001|0,00|0,00|0,00|0,00||0,00|5,00|0,00|||
000672|0430|1101060038|5179958020|171200001|0,00|0,00|0,00|0,00||0,00|5,00|0,00|||
000673|0430|1101060038|5179958039|150600002|0,00|0,00|0,00|0,00||0,00|5,00|0,00|||
000674|0430|1101060038|5179958047|100100005|0,00|0,00|0,00|0,00||0,00|2,50|0,00|||
000675|0430|1101060038|5179958209|100100006|0,00|0,00|0,00|0,00||0,00|2,50|0,00|||
000676|0430|1101060038|5179959000|150100001|0,00|0,00|0,00|0,00||0,00|5,00|0,00|||
000677|0430|1101060038|5179960009|151600006|0,00|0,00|0,00|0,00||0,00|5,00|0,00|||
000678|0430|1101060038|5179961013|151300023|0,00|0,00|0,00|0,00||0,00|5,00|0,00|||
000679|0430|1101060038|5179961021|151300022|0,00|0,00|0,00|0,00||0,00|5,00|0,00|||
000680|0430|1101060038|517996103X|151300023|0,00|0,00|0,00|0,00||0,00|5,00|0,00|||
000681|0430|1101060038|5179961048|151300023|0,00|0,00|0,00|0,00||0,00|5,00|0,00|||
000682|0430|1101060038|5179961056|151300023|0,00|0,00|0,00|0,00||0,00|5,00|0,00|||
000683|0430|1101060038|5179961064|151300023|0,00|0,00|0,00|0,00||0,00|5,00|0,00|||
000684|0430|1101060038|5179961072|151300023|0,00|0,00|0,00|0,00||0,00|5,00|0,00|||
000685|0430|1101060038|5179961080|151300009|0,00|0,00|0,00|0,00||0,00|5,00|0,00|||
000686|0430|1101060038|5179961099|151300009|0,00|0,00|0,00|0,00||0,00|5,00|0,00|||
000687|0430|1101060038|517996201X|100200009|0,00|0,00|0,00|0,00||0,00|2,50|0,00|||
000688|0430|1101060038|5179963008|100200003|3362,40|0,00|3362,40|0,00||3362,40|2,50|0,00|||
000689|0430|1101060038|5179964012|150800001|0,00|0,00|0,00|0,00||0,00|5,00|0,00|||
000690|0430|1101060038|5179964020|150800001|0,00|0,00|0,00|0,00||0,00|5,00|0,00|||
000691|0430|1101060038|5179964039|150800001|0,00|0,00|0,00|0,00||0,00|5,00|0,00|||
000692|0430|1101060038|517996425X|151800012|0,00|0,00|0,00|0,00||0,00|5,00|0,00|||
000693|0430|1101060038|5179964276|150800001|7063,28|0,00|7063,28|0,00||7063,28|5,00|0,00|||
000694|0430|1101060038|5179964306|150800012|0,00|0,00|0,00|0,00||0,00|5,00|0,00|||
000695|0430|1101060038|517996473X|150800012|0,00|0,00|0,00|0,00||0,00|5,00|0,00|||
000696|0430|1101060038|5179965000|151000005|0,00|0,00|0,00|0,00||0,00|5,00|0,00|||
000697|0430|1101060038|5179966007|170100003|0,00|0,00|0,00|0,00||0,00|5,00|0,00|||
000698|0430|1101060038|5179967011|170100003|0,00|0,00|0,00|0,00||0,00|5,00|0,00|||
000699|0430|1101060038|5179968018|150800012|0,00|0,00|0,00|0,00||0,00|5,00|0,00|||
000700|0430|1101060038|5179968026|150100001|0,00|0,00|0,00|0,00||0,00|5,00|0,00|||
000701|0430|1101060038|5179968034|150100001|0,00|0,00|0,00|0,00||0,00|5,00|0,00|||
000702|0430|1101060038|5179968042|150100001|0,00|0,00|0,00|0,00||0,00|5,00|0,00|||
000703|0430|1101060038|5179968298|150100001|0,00|0,00|0,00|0,00||0,00|5,00|0,00|||
000704|0430|1101060038|5179968301|150100001|0,00|0,00|0,00|0,00||0,00|5,00|0,00|||
000705|0430|1101060038|5179969014|171300001|0,00|0,00|0,00|0,00||0,00|5,00|0,00|||
000706|0430|1101060038|5179969057|171300001|0,00|0,00|0,00|0,00||0,00|5,00|0,00|||
000707|0430|1101060038|5179969065|171300001|0,00|0,00|0,00|0,00||0,00|5,00|0,00|||
000708|0430|1101060038|5179970004|151000006|0,00|0,00|0,00|0,00||0,00|5,00|0,00|||
000709|0430|1101060038|5179971159|151600006|0,00|0,00|0,00|0,00||0,00|5,00|0,00|||
000710|0430|1101060038|5179972104|150100004|0,00|0,00|0,00|0,00||0,00|5,00|0,00|||
000711|0430|1101060038|5179972112|150100004|0,00|0,00|0,00|0,00||0,00|5,00|0,00|||
000712|0430|1101060038|5179972120|150100004|0,00|0,00|0,00|0,00||0,00|5,00|0,00|||
000713|0430|1101060038|5179972201|150100004|0,00|0,00|0,00|0,00||0,00|5,00|0,00|||
000714|0430|1101060038|517997221X|150100004|0,00|0,00|0,00|0,00||0,00|5,00|0,00|||
000715|0430|1101060038|5179972228|150100004|0,00|0,00|0,00|0,00||0,00|5,00|0,00|||
000716|0430|1101060038|5179972309|150100004|0,00|0,00|0,00|0,00||0,00|5,00|0,00|||
000717|0430|1101060038|5179972317|150100004|0,00|0,00|0,00|0,00||0,00|5,00|0,00|||
000718|0430|1101060038|5179972325|150100004|0,00|0,00|0,00|0,00||0,00|5,00|0,00|||
000719|0430|1101060038|5179972406|150100004|0,00|0,00|0,00|0,00||0,00|5,00|0,00|||
000720|0430|1101060038|5179972414|150100004|0,00|0,00|0,00|0,00||0,00|5,00|0,00|||
000721|0430|1101060038|5179973011|150100001|0,00|0,00|0,00|0,00||0,00|5,00|0,00|||
000722|0430|1101060038|5179973119|150100001|0,00|0,00|0,00|0,00||0,00|5,00|0,00|||
000723|0430|1101060038|5179973216|150100001|0,00|0,00|0,00|0,00||0,00|5,00|0,00|||
000724|0430|1101060038|5179973232|150100001|0,00|0,00|0,00|0,00||0,00|5,00|0,00|||
000725|0430|1101060038|5179973313|150100001|0,00|0,00|0,00|0,00||0,00|5,00|0,00|||
000726|0430|1101060038|5179973410|150100001|0,00|0,00|0,00|0,00||0,00|5,00|0,00|||
000727|0430|1101060038|5179973518|150100001|0,00|0,00|0,00|0,00||0,00|5,00|0,00|||
000728|0430|1101060038|5179973615|150100001|0,00|0,00|0,00|0,00||0,00|5,00|0,00|||
000729|0430|1101060038|517997400X|150100001|0,00|0,00|0,00|0,00||0,00|5,00|0,00|||
000730|0430|1101060038|5179974018|150100001|0,00|0,00|0,00|0,00||0,00|5,00|0,00|||
000731|0430|1101060038|5179975006|150100001|0,00|0,00|0,00|0,00||0,00|5,00|0,00|||
000732|0430|1101060038|5179976010|100500003|0,00|0,00|0,00|0,00||0,00|2,50|0,00|||
000733|0430|1101060038|5179976029|170100003|0,00|0,00|0,00|0,00||0,00|5,00|0,00|||
000734|0430|1101060038|5179977009|150700003|0,00|0,00|0,00|0,00||0,00|5,00|0,00|||
000735|0430|1101060038|5179978005|171200001|0,00|0,00|0,00|0,00||0,00|5,00|0,00|||
000736|0430|1101060038|5179979001|150700003|0,00|0,00|0,00|0,00||0,00|5,00|0,00|||
000737|0430|1101060038|5179980018|150700010|0,00|0,00|0,00|0,00||0,00|5,00|0,00|||
000738|0430|1101060038|5179980026|150700010|15993,52|7202,55|8790,97|0,00||8790,97|5,00|0,00|||
000739|0430|1101060038|5179980034|150700005|0,00|0,00|0,00|0,00||0,00|5,00|0,00|||
000740|0430|1101060038|5179980042|150700010|1222,94|965,24|257,70|0,00||257,70|5,00|0,00|||
000741|0430|1101060038|5179981014|100200009|40443,51|0,00|40443,51|0,00||40443,51|2,50|0,00|||
000742|0430|1101060038|5179981022|171900001|7723,15|0,00|7723,15|0,00||7723,15|5,00|0,00|||
000743|0430|1101060038|5179982010|171200001|0,00|0,00|0,00|0,00||0,00|5,00|0,00|||
000744|0430|1101060038|5179982029|171200001|0,00|0,00|0,00|0,00||0,00|5,00|0,00|||
000745|0430|1101060038|5179982991|171200001|0,00|0,00|0,00|0,00||0,00|5,00|0,00|||
000746|0430|1101060038|5179983009|100200009|0,00|0,00|0,00|0,00||0,00|2,50|0,00|||
000747|0430|1101060038|5179984013|151000008|0,00|0,00|0,00|0,00||0,00|5,00|0,00|||
000748|0430|1101060038|5179984021|151400001|0,00|0,00|0,00|0,00||0,00|5,00|0,00|||
000749|0430|1101060038|5179985001|100200003|0,00|0,00|0,00|0,00||0,00|2,50|0,00|||
000750|0430|1101060038|5179986008|151600002|0,00|0,00|0,00|0,00||0,00|5,00|0,00|||
000751|0430|1101060038|5179987004|150800012|0,00|0,00|0,00|0,00||0,00|5,00|0,00|||
000752|0430|1101060038|5179988019|151000006|0,00|0,00|0,00|0,00||0,00|5,00|0,00|||
000753|0430|1101060038|5179988027|151000006|0,00|0,00|0,00|0,00||0,00|5,00|0,00|||
000754|0430|1101060038|5179989007|151600002|0,00|0,00|0,00|0,00||0,00|5,00|0,00|||
000755|0430|1101060038|5179990005|150600002|0,00|0,00|0,00|0,00||0,00|5,00|0,00|||
000756|0430|1101060038|517999101X|151400003|12819,31|41,53|12777,78|0,00||12777,78|5,00|0,00|||
000757|0430|1101060038|5179991028|151500004|611,70|0,00|611,70|0,00||611,70|5,00|0,00|||
000758|0430|1101060038|5179991036|151000006|0,00|0,00|0,00|0,00||0,00|5,00|0,00|||
000759|0430|1101060038|5179991052|100100012|0,00|0,00|0,00|0,00||0,00|2,50|0,00|||
000760|0430|1101060038|5179991060|100100009|0,00|0,00|0,00|0,00||0,00|2,50|0,00|||
000761|0430|1101060038|5179991079|100100009|0,00|0,00|0,00|0,00||0,00|2,50|0,00|||
000762|0430|1101060038|5179991087|151400013|0,00|0,00|0,00|0,00||0,00|5,00|0,00|||
000763|0430|1101060038|5179991095|151400013|0,00|0,00|0,00|0,00||0,00|5,00|0,00|||
000764|0430|1101060038|5179991109|151400013|0,00|0,00|0,00|0,00||0,00|5,00|0,00|||
000765|0430|1101060038|5179991117|150700010|0,00|0,00|0,00|0,00||0,00|5,00|0,00|||
000766|0430|1101060038|5179991125|150700009|0,00|0,00|0,00|0,00||0,00|5,00|0,00|||
000767|0430|1101060038|5179991133|151400003|472,00|200,00|272,00|0,00||272,00|5,00|0,00|||
000768|0430|1101060038|5179991141|150100001|0,54|0,00|0,54|0,00||0,54|5,00|0,00|||
000769|0430|1101060038|517999115X|151500004|125,66|0,37|125,29|0,00||125,29|5,00|0,00|||
000770|0430|1101060038|5179991168|151600006|0,00|0,00|0,00|0,00||0,00|5,00|0,00|||
000771|0430|1101060038|5179991176|150700010|0,00|0,00|0,00|0,00||0,00|5,00|0,00|||
000772|0430|1101060038|5179991184|151500004|0,00|0,00|0,00|0,00||0,00|5,00|0,00|||
000773|0430|1101060038|5179991192|151600006|0,00|0,00|0,00|0,00||0,00|5,00|0,00|||
000774|0430|1101060038|5179991206|151600006|0,00|0,00|0,00|0,00||0,00|5,00|0,00|||
000775|0430|1101060038|5179991214|151500004|2593,50|0,00|2593,50|0,00||2593,50|5,00|0,00|||
000776|0430|1101060038|5179991222|151400009|18,00|0,00|18,00|0,00||18,00|5,00|0,00|||
000777|0430|1101060038|5179991230|150100004|0,00|0,00|0,00|0,00||0,00|5,00|0,00|||
000778|0430|1101060038|5179991249|151400006|0,00|0,00|0,00|0,00||0,00|5,00|0,00|||
000779|0430|1101060038|5179991257|151400003|0,00|0,00|0,00|0,00||0,00|5,00|0,00|||
000780|0430|1101060038|5179991265|151600006|125,00|5,00|120,00|0,00||120,00|5,00|0,00|||
000781|0430|1101060038|5179991273|151400007|7,00|0,00|7,00|0,00||7,00|5,00|0,00|||
000782|0430|1101060038|5179991281|151400013|0,00|0,00|0,00|0,00||0,00|5,00|0,00|||
000783|0430|1101060038|517999129X|151500004|0,00|0,00|0,00|0,00||0,00|5,00|0,00|||
000784|0430|1101060038|5179991303|151400013|0,00|0,00|0,00|0,00||0,00|5,00|0,00|||
000785|0430|1101060038|5179992016|170100001|0,00|0,00|0,00|0,00||0,00|5,00|0,00|||
000786|0430|1101060038|5179992024|171200001|0,00|0,00|0,00|0,00||0,00|5,00|0,00|||
000787|0430|1101060038|5179994019|150700005|0,00|0,00|0,00|0,00||0,00|5,00|0,00|||
000788|0430|1101060038|5179994515|150700008|0,00|0,00|0,00|0,00||0,00|5,00|0,00|||
000789|0430|1101060038|5179995058|150800001|0,00|0,00|0,00|0,00||0,00|5,00|0,00|||
000790|0430|1101060038|5179996119|100500003|0,00|0,00|0,00|0,00||0,00|2,50|0,00|||
000791|0430|1101060038|5179997018|151400009|0,00|0,00|0,00|0,00||0,00|5,00|0,00|||
000792|0430|1101060038|5179999002|151000001|0,00|0,00|0,00|0,00||0,00|5,00|0,00|||
000793|0430|1101060038|5197002006|150800012|0,00|0,00|0,00|0,00||0,00|5,00|0,00|||
000794|0430|1101060038|5197003002|150800012|0,00|0,00|0,00|0,00||0,00|5,00|0,00|||
000795|0430|1101060038|5197010017|150800012|0,00|0,00|0,00|0,00||0,00|5,00|0,00|||
000796|0430|1101060038|5197010033|150800012|0,00|0,00|0,00|0,00||0,00|5,00|0,00|||
000797|0430|1101060038|5197012001|150800012|0,00|0,00|0,00|0,00||0,00|5,00|0,00|||
000798|0430|1101060038|519709900X|150800012|0,00|0,00|0,00|0,00||0,00|5,00|0,00|||
000799|0430|1101060038|5199910104|151300015|0,00|0,00|0,00|0,00||0,00|5,00|0,00|||
000800|0430|1101060038|5199910406|151300015|0,00|0,00|0,00|0,00||0,00|5,00|0,00|||
000801|0430|1101060038|5199913006|151300019|0,00|0,00|0,00|0,00||0,00|5,00|0,00|||
000802|0430|1101060038|5199919004|151000005|0,00|0,00|0,00|0,00||0,00|5,00|0,00|||
000803|0430|1101060038|5199920290|150100001|0,00|0,00|0,00|0,00||0,00|5,00|0,00|||
000804|0430|1101060038|5199920304|150100001|0,00|0,00|0,00|0,00||0,00|5,00|0,00|||
000805|0430|1101060038|5199941034|150900006|0,00|0,00|0,00|0,00||0,00|5,00|0,00|||
000806|0430|1101060038|5199947008|172000004|0,00|0,00|0,00|0,00||0,00|5,00|0,00|||
000807|0430|1101060038|5199948004|172000004|0,00|0,00|0,00|0,00||0,00|5,00|0,00|||
000808|0430|1101060038|5199948012|172000004|0,00|0,00|0,00|0,00||0,00|5,00|0,00|||
000809|0430|1101060038|5199948020|172000004|0,00|0,00|0,00|0,00||0,00|5,00|0,00|||
000810|0430|1101060038|5199952001|171200001|0,00|0,00|0,00|0,00||0,00|5,00|0,00|||
000811|0430|1101060038|5199992054|151000006|0,00|0,00|0,00|0,00||0,00|5,00|0,00|||
000812|0440|024880||45368,12|0,00|0,00||45368,12|2,50|1134,20|0,00|0,00|0,00||0,00||0,00|||1134,20
000813|0440|024880||265073,28|0,00|0,00||265073,28|5,00|13253,66|0,00|0,00|0,00||0,00||0,00|||13253,66
